387926980213842431
2951043163173678585
16720874773084141888
17181926294437511708
9312877567425344755
8363454362106170326
2951043163173678585
15189097823690670831
863491068094183198
6016790709393671791
13896076524857893351
17688505707339449513
8813077733200909832
2222925995945787372
1473612911177040125
9028560358739752036
7885493856155582604
9028560358739752036
13968271572159091845
1511402828817754826
2489716146917121730
15152400258022106775
9814164063001548632
1314247563003946146
15029944785333505497
16165765826633870759
13896076524857893351
5841576283076759122
9814164063001548632
8363454362106170326
1314247563003946146
6927017134761466251
1884361412985708340
17537801118541465303
619751367343657667
9814164063001548632
9312877567425344755
17310004051949583105
2489716146917121730
7919287270473417401
1314247563003946146
11531244055417297997
6016790709393671791
18116610397344399015
15225294924970156766
17935832204658596057
18258608994382893257
1848777359602499734
17181926294437511708
4011061605787834618
2515344368701119404
9028560358739752036
1044322560583387888
1796384013684998480
17310004051949583105
11531244055417297997
13896076524857893351
4011061605787834618
7320522601048494304
16569706384440821077
7674613650421074157
12068876253226272742
15225294924970156766
17688505707339449513
1511402828817754826
7674613650421074157
10641512657872414174
1314247563003946146
2515344368701119404
13544743940788585281
1848777359602499734
14442253432391780004
4502351689043014937
15029944785333505497
18259870924294394882
11379213638070101546
9814164063001548632
6813192163052315629
1657817252226316262
6958257871265474936
11329650324634456925
11868634553282994128
12485775574321252452
16369022746696548435
7852378456644373128
13113763760922852889
15225294924970156766
2744517546871237796
13588682634828405407
7817311179336052383
14603841130323969312
13502581747159608329
17233079974729774219
16369022746696548435
15152400258022106775
3985608565469092691
6080128442901703586
9028560358739752036
2951043163173678585
10755174171366658954
3985608565469092691
4502351689043014937
4011061605787834618
6813192163052315629
7852378456644373128
9814164063001548632
13237225503670494420
4041531543822809627
6927017134761466251
4515155089025077856
15189097823690670831
4071507920886216090
17310004051949583105
13237225503670494420
1796384013684998480
2951043163173678585
8702728301146347705
9121080644518966144
17749442876938852375
9218327418081816966
18116610397344399015
7885493856155582604
1314247563003946146
11683743101897907799
4515155089025077856
4041531543822809627
6979848608389335100
16569706384440821077
12470390098245950070
2104849252515447450
17688505707339449513
9814164063001548632
17310004051949583105
4041531543822809627
6531761008619218922
2951043163173678585
9121080644518966144
1310192797669293303
387926980213842431
18116610397344399015
1848777359602499734
12246581367170599057
6979848608389335100
13502581747159608329
1314247563003946146
2744517546871237796
18116610397344399015
4011061605787834618
15152400258022106775
12485775574321252452
17181926294437511708
7885493856155582604
863491068094183198
7320522601048494304
5841576283076759122
18255989453464216154
18259870924294394882
10641512657872414174
13588682634828405407
6016790709393671791
13744913277005999311
5449793432084379134
13113763760922852889
1657817252226316262
12246581367170599057
8702728301146347705
11329650324634456925
9312877567425344755
7148434200721666028
6813192163052315629
1657817252226316262
1848777359602499734
11379213638070101546
11868634553282994128
17310004051949583105
6958257871265474936
1044322560583387888
17688505707339449513
9121080644518966144
2222925995945787372
1511402828817754826
13502581747159608329
13588682634828405407
17935832204658596057
12246581367170599057
12470390098245950070
1750302349509622455
12679811043644538708
6016790709393671791
17537801118541465303
4502351689043014937
1314247563003946146
17935832204658596057
8363454362106170326
9312877567425344755
18255989453464216154
12246581367170599057
6958257871265474936
2489716146917121730
12246581367170599057
1314247563003946146
16369022746696548435
10464417414901951369
6958257871265474936
1473612911177040125
2515344368701119404
4453634577177247190
1310192797669293303
7885493856155582604
10464417414901951369
18255989453464216154
12246581367170599057
13113763760922852889
619751367343657667
4515155089025077856
4515155089025077856
7320522601048494304
1848777359602499734
6958257871265474936
4011061605787834618
387926980213842431
8813077733200909832
14603841130323969312
13968271572159091845
12068876253226272742
9218327418081816966
8813077733200909832
7674613650421074157
3985608565469092691
7817311179336052383
2951043163173678585
619751367343657667
15029944785333505497
7919287270473417401
1657817252226316262
4041531543822809627
1750302349509622455
13744913277005999311
10464417414901951369
7257727411320405062
2489716146917121730
1884361412985708340
12246581367170599057
14603841130323969312
6958257871265474936
10641512657872414174
15152400258022106775
7885493856155582604
1884361412985708340
2489716146917121730
5424679272531918615
7674613650421074157
13237225503670494420
8192945363362096476
16165765826633870759
7852378456644373128
7674613650421074157
18421644133257438848
1511402828817754826
9218327418081816966
9028560358739752036
1884361412985708340
9121080644518966144
12485775574321252452
12522305586339984642
15029944785333505497
17537801118541465303
1848777359602499734
17935832204658596057
13896076524857893351
1848777359602499734
7148434200721666028
1511402828817754826
4071507920886216090
14603841130323969312
5449793432084379134
11329650324634456925
15152400258022106775
6979848608389335100
11531244055417297997
11683743101897907799
16569706384440821077
16165765826633870759
5286759298248796023
10755174171366658954
17233079974729774219
1473612911177040125
14603841130323969312
16569706384440821077
14603841130323969312
7320522601048494304
2222925995945787372
11531244055417297997
2515344368701119404
15152400258022106775
8813077733200909832
4502351689043014937
9028560358739752036
6982379191914498839
15225294924970156766
7885493856155582604
8813077733200909832
15225294924970156766
16369022746696548435
7919287270473417401
1511402828817754826
1750302349509622455
18259870924294394882
17310004051949583105
5449793432084379134
18255989453464216154
11868634553282994128
6080128442901703586
7257727411320405062
13968271572159091845
2222925995945787372
2104849252515447450
1511402828817754826
5424679272531918615
7919287270473417401
11868634553282994128
1310192797669293303
13237225503670494420
2515344368701119404
13968271572159091845
6016790709393671791
13744913277005999311
18116610397344399015
14603841130323969312
6016790709393671791
10464417414901951369
3985608565469092691
2489716146917121730
7885493856155582604
9814164063001548632
7674613650421074157
12246581367170599057
17688505707339449513
11329650324634456925
15225294924970156766
17537801118541465303
18421644133257438848
1848777359602499734
1884361412985708340
619751367343657667
7320522601048494304
16569706384440821077
16165765826633870759
15225294924970156766
15189097823690670831
13968271572159091845
13968271572159091845
11329650324634456925
12068876253226272742
7276265455404061772
1884361412985708340
14603841130323969312
7885493856155582604
7919287270473417401
18258608994382893257
2515344368701119404
18258608994382893257
8813077733200909832
1848777359602499734
8813077733200909832
2104849252515447450
16569706384440821077
18116610397344399015
1511402828817754826
13502581747159608329
13744913277005999311
10755174171366658954
10464417414901951369
5449793432084379134
619751367343657667
11531244055417297997
16369022746696548435
11329650324634456925
13744913277005999311
17233079974729774219
7919287270473417401
5449793432084379134
15225294924970156766
9312877567425344755
7674613650421074157
6016790709393671791
9814164063001548632
10464417414901951369
2515344368701119404
8192945363362096476
7817311179336052383
9028560358739752036
2222925995945787372
9218327418081816966
6927017134761466251
6927017134761466251
1310192797669293303
15225294924970156766
6016790709393671791
7919287270473417401
15152400258022106775
12246581367170599057
17749442876938852375
13968271572159091845
12485775574321252452
17537801118541465303
18258608994382893257
1511402828817754826
12485775574321252452
6531761008619218922
7257727411320405062
2744517546871237796
5286759298248796023
5286759298248796023
7257727411320405062
8813077733200909832
7817311179336052383
9814164063001548632
10641512657872414174
15152400258022106775
1314247563003946146
7148434200721666028
10641512657872414174
13113763760922852889
4041531543822809627
863491068094183198
8813077733200909832
2744517546871237796
5286759298248796023
1473612911177040125
4041531543822809627
6531761008619218922
15189097823690670831
2951043163173678585
12068876253226272742
4071507920886216090
7320522601048494304
12470390098245950070
13113763760922852889
13544743940788585281
1314247563003946146
1511402828817754826
17233079974729774219
11379213638070101546
6016790709393671791
17233079974729774219
10464417414901951369
12246581367170599057
17688505707339449513
11329650324634456925
7257727411320405062
17310004051949583105
6927017134761466251
10755174171366658954
4041531543822809627
14603841130323969312
6958257871265474936
3985608565469092691
6927017134761466251
12246581367170599057
2744517546871237796
7148434200721666028
16569706384440821077
18002588397725644386
4453634577177247190
2222925995945787372
13588682634828405407
8363454362106170326
6813192163052315629
3985608565469092691
15189097823690670831
17181926294437511708
17688505707339449513
10464417414901951369
1314247563003946146
863491068094183198
1657817252226316262
7276265455404061772
1314247563003946146
6958257871265474936
8363454362106170326
16720874773084141888
7148434200721666028
4453634577177247190
6979848608389335100
863491068094183198
17749442876938852375
9814164063001548632
13113763760922852889
15189097823690670831
4502351689043014937
6958257871265474936
9218327418081816966
1314247563003946146
8813077733200909832
15029944785333505497
7885493856155582604
8702728301146347705
619751367343657667
9028560358739752036
13502581747159608329
8192945363362096476
7919287270473417401
17233079974729774219
4515155089025077856
5841576283076759122
8192945363362096476
16569706384440821077
2104849252515447450
8813077733200909832
12068876253226272742
7320522601048494304
9814164063001548632
16720874773084141888
6813192163052315629
8813077733200909832
9028560358739752036
1848777359602499734
13544743940788585281
11379213638070101546
15152400258022106775
7674613650421074157
17537801118541465303
6080128442901703586
2951043163173678585
7148434200721666028
10641512657872414174
9028560358739752036
10755174171366658954
12522305586339984642
4071507920886216090
7852378456644373128
1314247563003946146
10641512657872414174
8813077733200909832
18002588397725644386
4011061605787834618
13588682634828405407
1796384013684998480
11683743101897907799
9312877567425344755
13544743940788585281
17688505707339449513
6080128442901703586
2951043163173678585
11379213638070101546
13744913277005999311
6080128442901703586
8813077733200909832
6080128442901703586
5449793432084379134
5424679272531918615
619751367343657667
17749442876938852375
12679811043644538708
13744913277005999311
8702728301146347705
18421644133257438848
5286759298248796023
11868634553282994128
13113763760922852889
4453634577177247190
6982379191914498839
4011061605787834618
15225294924970156766
17310004051949583105
4515155089025077856
1310192797669293303
17233079974729774219
863491068094183198
17935832204658596057
7674613650421074157
2222925995945787372
4515155089025077856
18255989453464216154
18259870924294394882
387926980213842431
11531244055417297997
17537801118541465303
11531244055417297997
17935832204658596057
17749442876938852375
387926980213842431
1750302349509622455
7852378456644373128
13544743940788585281
11379213638070101546
6979848608389335100
1314247563003946146
7148434200721666028
2222925995945787372
18255989453464216154
4453634577177247190
12068876253226272742
13113763760922852889
12679811043644538708
5286759298248796023
13544743940788585281
16569706384440821077
9312877567425344755
17537801118541465303
4011061605787834618
14603841130323969312
4515155089025077856
3985608565469092691
619751367343657667
1473612911177040125
1884361412985708340
10755174171366658954
11531244055417297997
18002588397725644386
11683743101897907799
13896076524857893351
15029944785333505497
8813077733200909832
15189097823690670831
1044322560583387888
13544743940788585281
17181926294437511708
6016790709393671791
13544743940788585281
12679811043644538708
1044322560583387888
18002588397725644386
13588682634828405407
11683743101897907799
6016790709393671791
17935832204658596057
7885493856155582604
7817311179336052383
16165765826633870759
18258608994382893257
12068876253226272742
16569706384440821077
12522305586339984642
12522305586339984642
6927017134761466251
11683743101897907799
3985608565469092691
7320522601048494304
10464417414901951369
4453634577177247190
1796384013684998480
18255989453464216154
6016790709393671791
4011061605787834618
13896076524857893351
6080128442901703586
5449793432084379134
16720874773084141888
7276265455404061772
1511402828817754826
10464417414901951369
16369022746696548435
387926980213842431
1750302349509622455
2222925995945787372
13544743940788585281
9218327418081816966
14603841130323969312
2489716146917121730
17688505707339449513
11329650324634456925
1511402828817754826
17233079974729774219
18255989453464216154
7674613650421074157
1473612911177040125
863491068094183198
9218327418081816966
2489716146917121730
7674613650421074157
6813192163052315629
1044322560583387888
12470390098245950070
13744913277005999311
11379213638070101546
17749442876938852375
15152400258022106775
9312877567425344755
18255989453464216154
7674613650421074157
15029944785333505497
1884361412985708340
15029944785333505497
4515155089025077856
16165765826633870759
9312877567425344755
12679811043644538708
9028560358739752036
9312877567425344755
2951043163173678585
6531761008619218922
6958257871265474936
12679811043644538708
11379213638070101546
2515344368701119404
5449793432084379134
16720874773084141888
13896076524857893351
12470390098245950070
13113763760922852889
18116610397344399015
5424679272531918615
13502581747159608329
10755174171366658954
4515155089025077856
10641512657872414174
8363454362106170326
17935832204658596057
1044322560583387888
6531761008619218922
6958257871265474936
11531244055417297997
12246581367170599057
12068876253226272742
1044322560583387888
5424679272531918615
18255989453464216154
4515155089025077856
1511402828817754826
1473612911177040125
13744913277005999311
8813077733200909832
17537801118541465303
16165765826633870759
10464417414901951369
6979848608389335100
8192945363362096476
5286759298248796023
7276265455404061772
17749442876938852375
11531244055417297997
10464417414901951369
13588682634828405407
7674613650421074157
11329650324634456925
15152400258022106775
2744517546871237796
7276265455404061772
1310192797669293303
4502351689043014937
3985608565469092691
863491068094183198
18421644133257438848
9814164063001548632
9028560358739752036
1473612911177040125
16720874773084141888
7320522601048494304
16569706384440821077
9121080644518966144
17233079974729774219
1511402828817754826
13744913277005999311
4011061605787834618
18255989453464216154
2489716146917121730
7919287270473417401
13502581747159608329
7320522601048494304
5449793432084379134
6016790709393671791
4011061605787834618
15225294924970156766
13968271572159091845
17688505707339449513
6813192163052315629
7885493856155582604
387926980213842431
13968271572159091845
18258608994382893257
16165765826633870759
1473612911177040125
18002588397725644386
11329650324634456925
16165765826633870759
11531244055417297997
11379213638070101546
2222925995945787372
1884361412985708340
18002588397725644386
1848777359602499734
15029944785333505497
8363454362106170326
13502581747159608329
10464417414901951369
7817311179336052383
6958257871265474936
18258608994382893257
2951043163173678585
7885493856155582604
7852378456644373128
2222925995945787372
13896076524857893351
13896076524857893351
387926980213842431
8702728301146347705
7257727411320405062
5841576283076759122
1848777359602499734
13968271572159091845
1884361412985708340
7817311179336052383
8363454362106170326
6016790709393671791
13544743940788585281
9121080644518966144
18002588397725644386
6979848608389335100
16369022746696548435
619751367343657667
18255989453464216154
13237225503670494420
2744517546871237796
6531761008619218922
5286759298248796023
1750302349509622455
2222925995945787372
12246581367170599057
1310192797669293303
4041531543822809627
18421644133257438848
15225294924970156766
12485775574321252452
6813192163052315629
18258608994382893257
1044322560583387888
16369022746696548435
18258608994382893257
17181926294437511708
4071507920886216090
6979848608389335100
17749442876938852375
2222925995945787372
1310192797669293303
5424679272531918615
12522305586339984642
1848777359602499734
2104849252515447450
3985608565469092691
7148434200721666028
7852378456644373128
2104849252515447450
6531761008619218922
16569706384440821077
11379213638070101546
4453634577177247190
17749442876938852375
9028560358739752036
9814164063001548632
18002588397725644386
5841576283076759122
11868634553282994128
11683743101897907799
13502581747159608329
1884361412985708340
16569706384440821077
12470390098245950070
11329650324634456925
5449793432084379134
8813077733200909832
7817311179336052383
11329650324634456925
11683743101897907799
2515344368701119404
13544743940788585281
10755174171366658954
16569706384440821077
16569706384440821077
2744517546871237796
18421644133257438848
5286759298248796023
15029944785333505497
16569706384440821077
11868634553282994128
17181926294437511708
7320522601048494304
12068876253226272742
10464417414901951369
1884361412985708340
15189097823690670831
13588682634828405407
4041531543822809627
13502581747159608329
6813192163052315629
16569706384440821077
1310192797669293303
17181926294437511708
13544743940788585281
12485775574321252452
4502351689043014937
14603841130323969312
13896076524857893351
4041531543822809627
387926980213842431
16369022746696548435
7817311179336052383
16720874773084141888
2104849252515447450
11868634553282994128
13502581747159608329
15029944785333505497
6016790709393671791
6982379191914498839
1473612911177040125
17233079974729774219
15029944785333505497
2489716146917121730
7276265455404061772
2951043163173678585
7276265455404061772
16165765826633870759
8813077733200909832
387926980213842431
11379213638070101546
16369022746696548435
12522305586339984642
18421644133257438848
15189097823690670831
12068876253226272742
12246581367170599057
3985608565469092691
12068876253226272742
8813077733200909832
1511402828817754826
17233079974729774219
18255989453464216154
6958257871265474936
17935832204658596057
12246581367170599057
15029944785333505497
6016790709393671791
5424679272531918615
13744913277005999311
13113763760922852889
12068876253226272742
17181926294437511708
4011061605787834618
17935832204658596057
6531761008619218922
12485775574321252452
1884361412985708340
387926980213842431
11329650324634456925
13544743940788585281
4041531543822809627
17688505707339449513
9028560358739752036
619751367343657667
6979848608389335100
13588682634828405407
863491068094183198
5424679272531918615
12246581367170599057
3985608565469092691
18258608994382893257
13113763760922852889
5424679272531918615
9312877567425344755
16720874773084141888
8813077733200909832
16369022746696548435
14603841130323969312
4071507920886216090
11683743101897907799
11868634553282994128
16720874773084141888
14603841130323969312
13544743940788585281
6982379191914498839
4071507920886216090
4515155089025077856
8702728301146347705
8363454362106170326
15152400258022106775
18258608994382893257
15225294924970156766
4502351689043014937
16369022746696548435
7674613650421074157
6982379191914498839
12246581367170599057
7817311179336052383
12246581367170599057
12485775574321252452
9312877567425344755
7852378456644373128
4041531543822809627
13744913277005999311
13968271572159091845
12679811043644538708
18259870924294394882
7148434200721666028
12068876253226272742
4041531543822809627
387926980213842431
6080128442901703586
17688505707339449513
15029944785333505497
6016790709393671791
